GEODETICKY A KARTOGRAFICKY USTAV BRATISLAVA
Chlumeckeho 4
82745 Bratislava
==============================================
Projekt: TESTPOL3            
Meral:           
Dna: 14.06.2017,	Cas: 13:46 h
Pristroj: Leica TS15 I 1" 	v.c.: 161393
--------------------------------------------------------------------------------------------------------

ZAPISNIK Z MERANIA
--------------------------------------------------------------------------------------------------------
CB	HZ uhol	V uhol	Sikma vzd.	Vodor.vzd.	Vyska zrkadla	Vyska pristr.	Y	X	Z	Kod	popis
--------------------------------------------------------------------------------------------------------
Stanovisko:
       S03	0000000	0000000	       	       	    	   152.267	   154.364	149.943	          	          	
Orientacie:
          	0000000	0000000	       	       	    	          	          	       	          	          	
Merane body:
Stanovisko:
        S1	00.0000	104.8686	       	       	1.500	   100.000	   100.000	100.000	          	          	
Orientacie:
        O1	00.0000	104.8686	       	       	1.500	          	          	       	          	          	
Merane body:
        O1	00.0000	104.8686	       	       	1.500	          	          	       	          	          
        O1	00.0000	104.8686	       	       	1.500	          	          	       	          	          
        O1	200.0023	295.1316	  4.121	  4.109	1.500	   100.000	   104.109	 99.685	          	          
        S2	319.5672	298.6365	  2.560	  2.559	1.500	   102.439	    99.226	 99.945	          	          
        S2	119.5631	101.3648	  2.560	  2.559	1.500	   102.439	    99.226	 99.945		
        O1	399.9994	104.8682	  4.121	  4.109	1.500	   100.000	   104.109	 99.685	          	          
        O1	200.0017	295.1320	  4.121	  4.109	1.500	   100.000	   104.109	 99.685	          	          
        S2	319.5674	298.6363	  2.560	  2.559	1.500	   102.439	    99.226	 99.945	          	          
        S2	119.5630	101.3648	  2.560	  2.559	1.500	   102.439	    99.226	 99.945	          	          
Stanovisko:
        S2	319.5643	101.2092	  2.559	  2.559	1.500	   102.439	    99.226	 99.945	          	          	
Orientacie:
        S1	319.5643	101.2092	  2.559	  2.559	1.500	   100.000	   100.000	 99.897	          	          	
Merane body:
        S1	319.5643	101.2092	  2.559	  2.559	1.500	   100.000	   100.000	 99.897	          	          
        S1	119.5696	298.7914	  2.559	  2.559	1.500	   100.000	   100.000	 99.897	          	          
        B1	148.1089	284.7942	  2.369	  2.302	1.500	   100.764	   100.805	 99.385	          	          
        B1	348.1027	115.2061	  2.370	  2.303	1.500	   100.763	   100.805	 99.384	
        B3	128.1089	284.7942	  2.369	  2.302	1.500	   100.764	   100.805	 99.385	          	          
        B3	328.1027	115.2061	  2.370	  2.303	1.500	   100.763	   100.805	 99.384			
        S3	263.0139	300.1241	  2.886	  2.886	1.500	   104.852	   100.810	 99.951	          	          
        S3	63.0117	99.7883	  2.885	  2.885	1.500	   104.851	   100.809	 99.955	          	          
        S1	319.5640	101.2099	  2.560	  2.559	1.500	   100.000	   100.000	 99.897	          	          
        S1	119.5680	298.7909	  2.559	  2.559	1.500	   100.000	   100.000	 99.897	          	          
        S3	263.0142	300.2132	  2.885	  2.885	1.500	   104.851	   100.809	 99.955	          	          
        S3	63.0120	99.7883	  2.885	  2.885	1.500	   104.851	   100.809	 99.955	          	          
Stanovisko:
        S3	263.0108	100.2137	  2.885	  2.885	1.500	   104.851	   100.809	 99.954	          	          	
Orientacie:
        S2	263.0108	100.2137	  2.885	  2.885	1.500	   102.439	    99.226	 99.944	          	          	
Merane body:
        S2	263.0108	100.2137	  2.885	  2.885	1.500	   102.439	    99.226	 99.944	          	          
        S2	63.0152	299.7876	  2.885	  2.885	1.500	   102.439	    99.226	 99.944	          	          
        O2	58.8744	300.7115	  4.458	  4.457	1.500	   101.292	    98.126	100.004	          	          
        O2	258.8716	99.2887	  4.458	  4.458	1.500	   101.291	    98.126	100.004	          	          
        S2	263.0108	100.2138	  2.885	  2.885	1.500	   102.439	    99.226	 99.944	          	          
        S2	63.0151	299.7872	  2.885	  2.885	1.500	   102.439	    99.226	 99.944	          	          
        O2	58.8742	300.7116	  4.458	  4.457	1.500	   101.292	    98.126	100.004	          	          
        O2	258.8717	99.2887	  4.458	  4.458	1.500	   101.292	    98.126	100.004	          	          
        S2	263.0107	100.2136	  2.885	  2.885	1.500	   102.439	    99.226	 99.944	          	          
        S2	63.0148	299.7874	  2.885	  2.885	1.500	   102.439	    99.226	 99.944	          	          
        O2	58.8745	300.7116	  4.458	  4.458	1.500	   101.291	    98.126	100.004	          	          
        O2	258.8722	99.2887	  4.458	  4.458	1.500	   101.292	    98.126	100.004	          	          
        S2	263.0107	100.2139	  2.885	  2.885	1.500	   102.439	    99.226	 99.944	          	          
        S2	63.0131	299.7758	  2.885	  2.885	1.500	   102.439	    99.226	 99.944	          	          
        O2	59.4151	300.7155	  4.459	  4.459	1.500	   101.268	    98.156	100.004	          	          
        O2	259.4122	99.2849	  4.459	  4.459	1.500	   101.268	    98.155	100.004	          	          
